A 6 0 0
B 6 1 0
C 6 2 0
D 6 3 0
E 6 4 0
F 6 5 0
G 6 6 0
H 6 7 0
I 6 8 0
J 6 9 0
K 6 10 0
L 6 11 0
M 6 12 0
N 6 13 0
O 6 14 0
P 6 15 0
A1 6 0 1
B1 6 1 1
C1 6 2 1
D1 6 3 1
E1 6 4 1
F1 6 5 1
G1 6 6 1
H1 6 7 1
I1 6 8 1
J1 6 9 1
K1 6 10 1
L1 6 11 1
M1 6 12 1
N1 6 13 1
O1 6 14 1
P1 6 15 1
A2 6 0 2
B2 6 1 2
C2 6 2 2
D2 6 3 2
E2 6 4 2
F2 6 5 2
G2 6 6 2
H2 6 7 2
I2 6 8 2
J2 6 9 2
K2 6 10 2
L2 6 11 2
M2 6 12 2
N2 6 13 2
O2 6 14 2
P2 6 15 2
A3 10 10 0
B3 10 11 0
C3 10 12 0
D3 10 13 0
E3 10 14 0
F3 10 15 0
G3 10 16 0
H3 10 17 0
I3 10 18 0
J3 10 19 0
K3 10 20 0
L3 10 21 0
M3 10 22 0
N3 10 23 0
O3 10 24 0
P3 10 25 0
Q3 10 26 0
R3 10 27 0
S3 10 28 0
T3 10 29 0
U3 10 30 0
V3 10 31 0
X3 10 32 0
Y3 10 33 0
Z3 10 34 0
A4 10 10 1
B4 10 11 1
C4 10 12 1
D4 10 13 1
E4 10 14 1
F4 10 15 1
G4 10 16 1
H4 10 17 1
I4 10 18 1
J4 10 19 1
K4 10 20 1
L4 10 21 1
M4 10 22 1
N4 10 23 1
O4 10 24 1
P4 10 25 1
Q4 10 26 1
R4 10 27 1
S4 10 28 1
T4 10 29 1
U4 10 30 1
V4 10 31 1
X4 10 32 1
Y4 10 33 1
Z4 10 34 1
A5 10 10 2
B5 10 11 2
C5 10 12 2
D5 10 13 2
E5 10 14 2
F5 10 15 2
G5 10 16 2
H5 10 17 2
I5 10 18 2
J5 10 19 2
K5 10 20 2
L5 10 21 2
M5 10 22 2
N5 10 23 2
O5 10 24 2
P5 10 25 2
Q5 10 26 2
R5 10 27 2
S5 10 28 2
T5 10 29 2
U5 10 30 2
V5 10 31 2
X5 10 32 2
Y5 10 33 2
Z5 10 34 2