A 3 0 0
A 3 1 0
A 3 2 0
A 3 3 0
A 3 4 0
A 3 5 0
A 3 6 0
A 3 7 0
A 3 8 0
A 3 8 0
A 3 10 0
A 3 11 0
A 3 12 0
A 3 13 0
A 3 14 0
A 3 15 0
A 3 16 0
A 3 17 0
A 3 18 0
A 3 19 0
A 6 19 0
A 6 18 0
A 6 17 0
A 6 16 0
A 6 15 0
A 6 14 0
A 6 13 0
A 6 12 0
A 6 9 0
A 6 8 0
A 6 7 0
A 6 6 0
A 6 5 0
A 6 4 0
A 6 3 0
A 6 2 0
A 6 1 0
A 6 0 0
A 9 0 0
A 9 1 0
A 9 2 0
A 9 3 0
A 9 4 0
A 9 5 0
A 9 6 0
A 9 7 0
A 9 8 0
A 9 9 0
A 9 11 0
A 9 12 0
A 9 13 0
A 9 14 0
A 9 15 0
A 9 16 0
A 9 17 0
A 9 18 0
A 9 19 0
A 3 10 1
A 3 11 1
A 3 12 1
A 3 13 1
A 3 14 1
A 3 15 1
A 3 16 1
A 3 17 1
A 3 18 1
A 3 19 1
A 3 19 1
A 3 8 1
A 3 8 1
A 3 7 1
A 3 6 1
A 3 5 1
A 3 4 1
A 3 3 1
A 3 2 1
A 3 1 1
A 3 0 1
A 3 0 1
A 6 0 1
A 6 1 1
A 6 2 1
A 6 3 1
A 6 4 1
A 6 5 1
A 6 6 1
A 6 7 1
A 6 8 1
A 6 9 1
A 6 12 1
A 6 13 1
A 6 14 1
A 6 15 1
A 6 16 1
A 6 17 1
A 6 18 1
A 6 19 1
A 6 19 1
A 9 19 1
A 9 18 1
A 9 17 1
A 9 16 1
A 9 15 1
A 9 14 1
A 9 13 1
A 9 12 1
A 9 11 1
A 9 11 1
A 9 9 1
A 9 8 1
A 9 7 1
A 9 6 1
A 9 5 1
A 9 4 1
A 9 4 1
A 9 2 1
A 9 1 1
A 9 0 1
A 6 10 1
A 6 11 1
A 9 3 1
A 9 10 1
A 3 0 2
A 3 1 2
A 3 2 2
A 3 3 2
A 3 4 2
A 3 5 2
A 3 6 2
A 3 7 2
A 3 8 2
A 3 9 2
A 3 10 2
A 3 11 2
A 3 12 2
A 3 13 2
A 3 14 2
A 3 15 2
A 3 16 2
A 3 17 2
A 3 18 2
A 3 19 2